-5900 -3275 5900 -3275
5900 -3275 5900 3275
5900 3275 -5900 3275
-5900 3275 -5900 -3275
-5900 -500 -3500 -500
-3500 -500 -3500 500
-3500 500 -5900 500
-1500 500 -1500 -500
-1500 -500 1500 -500
1500 -500 1500 500
1500 500 -1500 500
3500 500 5900 500
5900 -500 3500 -500
3500 -500 3500 500
-500 -500 -500 -3275
500 -500 500 -3275
starts
0 2100
-3000 -1600
3000 1600
3000 -1600
-3000 1600
-4500 1800
4500 1800
-4500 -1800
4500 -1800
1800 -1200
-1800 1200
1800 1200
-1800 -1200
-2400 100
2400 -100
