-5900 -3275 5800 -3075
5800 -3075 5950 3362
5950 3362 -5900 3275
-5900 -3275 -4900 -2275
-4900 -2275 -3871 -1712
-3871 -1712 -4871 -512
-4871 -512 -4250 712
-4250 712 -5900 3275
1200 -800 2200 800
2200 800 1975 -1150
1975 -1150 1200 -800
-2200 2250 -1800 1800
-1800 1800 -2400 1680
-2400 1680 -2200 2250
-2400 570 -1600 620
-1600 620 -1700 -300
-1700 -300 -1800 -320
-1800 -320 -2000 -1450
-2000 -1450 -2800 -1320
-2800 -1320 -2700 -320
-2700 -320 -2550 -285
-2550 -285 -2400 570
-200 -1500 -1000 -2000
-1000 -2000 -150 -1800
-150 -1800 350 -2150
350 -2150 800 -1900
800 -1900 -200 -1500
750 1245 1650 2005
1650 2005 600 2320
600 2320 750 1245
3675 -1700 4175 -1775
4175 -1775 4450 10
4450 10 4400 1900
4400 1900 4100 1700
4100 1700 4200 -510
4200 -510 3675 -1700
starts
100 1400
5000 1500
-1050 -1000
2400 2000
-5000 2800
-200 -2500
-3300 -2700
3500 100
-4000 0
2200 -1700
-2500 2500
-1700 1200
1000 2800
500 100
5100 -2100
