100 -3275 5900 -3275
5900 -3275 5900 2275
4600 3275 -5900 3275
-5900 3275 -5900 -3275
-3200 900 3200 900
3200 900 2600 300
2600 300 -2600 300
2600 300 -2600 300
-2600 300 -3200 900
-3200 -900 3200 -900
3200 -900 2600 -300
2600 -300 -2600 -300
-2600 -300 -3200 -900
-5900 -3275 -4600 -2175
-4600 -2175 -4600 -2875
-4600 -2875 -3300 -2175
-3300 -2175 -3200 -2875
-3200 -2875 -1600 -2075
-1600 -2075 -1700 -2875
-1700 -2875 100 -1875
100 -1875 100 -3275
2000 -3275 2000 -1800
2000 -1800 2100 -1800
2100 -1800 2100 -3275
5900 -1800 2600 -1800
2600 -1800 2600 -2700
2600 -2700 5200 -2700
5200 -2700 5200 -2500
5200 -2500 3000 -2500
3000 -2500 3000 -2000
3000 -2000 5900 -2000
4200 0 4400 200
4400 200 4600 0
4600 0 4400 -200
4400 -200 4200 0
-4200 0 -4400 200
-4400 200 -4600 0
-4600 0 -4400 -200
-4400 -200 -4200 0
-5900 2000 -4000 2000
-4000 2000 -4000 2300
-4000 2300 -5900 2300
-1400 3275 -1400 2200
-1400 2200 400 2200
400 2200 400 2500
400 2500 -1000 2500
-1000 2500 -1000 3275
5900 2275 5000 1675
5000 1675 4200 2075
4200 2075 4600 3275
starts
0 0
5200 -1000
3500 -2250
2000 2000
-5400 2875
-5000 -1000
-200 2900
-100 -1300
1500 1500
700 -2700
-3000 1500
4000 1500
-2000 -1500
-3700 50
1300 -2200
